Buffer Size; Block Size; Velocity
65536; 8; 132395959
65536; 16; 348595744
65536; 32; 748982857
65536; 64; 1506574712
65536; 128; 2674938775
65536; 256; 4854518518
65536; 512; 7710117647
65536; 1024; 10922666666
65536; 2048; 13107199999
65536; 4096; 16384000000
65536; 8192; 14563555555
65536; 16384; 10082461538
65536; 32768; 6898526315
65536; 65536; 4854518518
131072; 8; 134778406
131072; 16; 350459893
131072; 32; 625642004
131072; 64; 974513011
131072; 128; 1820444444
131072; 256; 3236345679
131072; 512; 5349877551
131072; 1024; 7943757575
131072; 2048; 9039448275
131072; 4096; 11397565217
131072; 8192; 10485760000
131072; 16384; 10485760000
131072; 32768; 10922666666
131072; 65536; 10922666666
131072; 131072; 1691251612
262144; 8; 88892505
262144; 16; 230659040
262144; 32; 499797902
262144; 64; 1004383141
262144; 128; 1833174825
262144; 256; 3256447204
262144; 512; 4519724137
262144; 1024; 7943757575
262144; 2048; 14169945945
262144; 4096; 17476266666
262144; 8192; 16384000000
262144; 16384; 15420235294
262144; 32768; 14979657142
262144; 65536; 15420235294
262144; 131072; 4723315315
262144; 262144; 4519724137
524288; 8; 138773954
524288; 16; 363962513
524288; 32; 738433802
524288; 64; 1489454545
524288; 128; 2730666666
524288; 256; 4723315315
524288; 512; 7825194029
524288; 1024; 11915636363
524288; 2048; 14169945945
524288; 4096; 17476266666
524288; 8192; 16912516129
524288; 16384; 15887515151
524288; 32768; 15420235294
524288; 65536; 14979657142
524288; 131072; 6808935064
524288; 262144; 7037422818
524288; 524288; 4559026086
1048576; 8; 132907788
1048576; 16; 354308498
1048576; 32; 741829501
1048576; 64; 1486287739
1048576; 128; 2737796344
1048576; 256; 4733977426
1048576; 512; 8256503937
1048576; 1024; 12052597701
1048576; 2048; 14266340136
1048576; 4096; 17623126050
1048576; 8192; 16777216000
1048576; 16384; 13981013333
1048576; 32768; 14364054794
1048576; 65536; 14665398601
1048576; 131072; 8886237288
1048576; 262144; 8701875518
1048576; 524288; 6786899676
1048576; 1048576; 4161015873
2097152; 8; 135878709
2097152; 16; 356264673
2097152; 32; 782519402
2097152; 64; 1496362468
2097152; 128; 3006669534
2097152; 256; 4821039080
2097152; 512; 6898526315
2097152; 1024; 9039448275
2097152; 2048; 10230009756
2097152; 4096; 11522813186
2097152; 8192; 10645441624
2097152; 16384; 8738133333
2097152; 32768; 10106756626
2097152; 65536; 10356306172
2097152; 131072; 8981379014
2097152; 262144; 9446630630
2097152; 524288; 7332699300
2097152; 1048576; 5454231469
2097152; 2097152; 2394009132
4194304; 8; 137183077
4194304; 16; 363583911
4194304; 32; 737265600
4194304; 64; 1563580242
4194304; 128; 2784138068
4194304; 256; 4662928293
4194304; 512; 6297753753
4194304; 1024; 7884030075
4194304; 2048; 8200007820
4194304; 4096; 8481908998
4194304; 8192; 9372746368
4194304; 16384; 9845784037
4194304; 32768; 10994243774
4194304; 65536; 9834241500
4194304; 131072; 9289709856
4194304; 262144; 8499096251
4194304; 524288; 7788865366
4194304; 1048576; 6808935064
4194304; 2097152; 3347409417
4194304; 4194304; 2567679216
8388608; 8; 145942135
8388608; 16; 368640900
8388608; 32; 787884662
8388608; 64; 1506033752
8388608; 128; 2672808029
8388608; 256; 3955024988
8388608; 512; 6063323455
8388608; 1024; 6141001464
8388608; 2048; 6665560588
8388608; 4096; 6333414873
8388608; 8192; 7839820560
8388608; 16384; 9182931581
8388608; 32768; 7506584340
8388608; 65536; 5571974759
8388608; 131072; 7605265639
8388608; 262144; 8507716024
8388608; 524288; 6470195140
8388608; 1048576; 5315974651
8388608; 2097152; 3996478323
8388608; 4194304; 2896618784
8388608; 8388608; 2200867899
16777216; 8; 149565546
16777216; 16; 378154803
16777216; 32; 772022916
16777216; 64; 1476867605
16777216; 128; 2267497769
16777216; 256; 2675792025
16777216; 512; 3054568229
16777216; 1024; 3512082059
16777216; 2048; 3426718954
16777216; 4096; 3712594821
16777216; 8192; 3714649839
16777216; 16384; 4381618177
16777216; 32768; 4025243761
16777216; 65536; 3983194681
16777216; 131072; 4862961159
16777216; 262144; 4071645674
16777216; 524288; 4242026801
16777216; 1048576; 3524255015
16777216; 2097152; 4366224072
16777216; 4194304; 4005064693
16777216; 8388608; 2774928217
16777216; 16777216; 2017704870
33554432; 8; 147425262
33554432; 16; 379465561
33554432; 32; 815704975
33554432; 64; 1536199244
33554432; 128; 2428840535
33554432; 256; 3032209651
33554432; 512; 3607421598
33554432; 1024; 3831070617
33554432; 2048; 4001959806
33554432; 4096; 4283453373
33554432; 8192; 4503043950
33554432; 16384; 4459653375
33554432; 32768; 4501231739
33554432; 65536; 4504252902
33554432; 131072; 4779493198
33554432; 262144; 4959638164
33554432; 524288; 4741335594
33554432; 1048576; 4483189525
33554432; 2097152; 3571900361
33554432; 4194304; 3492524798
33554432; 8388608; 3178857657
33554432; 16777216; 2868880984
33554432; 33554432; 1982478036
67108864; 8; 152632191
67108864; 16; 396066206
67108864; 32; 840599790
67108864; 64; 1639821231
67108864; 128; 2555408640
67108864; 256; 3273523279
67108864; 512; 3586216213
67108864; 1024; 4380045295
67108864; 2048; 4557632788
67108864; 4096; 4746029985
67108864; 8192; 4951039433
67108864; 16384; 5086124066
67108864; 32768; 4926686781
67108864; 65536; 4637152017
67108864; 131072; 4987281807
67108864; 262144; 4723481541
67108864; 524288; 4551296303
67108864; 1048576; 4416945667
67108864; 2097152; 3882716037
67108864; 4194304; 3775888369
67108864; 8388608; 3604515200
67108864; 16777216; 3514933298
67108864; 33554432; 3051998271
67108864; 67108864; 2119773962
134217728; 8; 153111451
134217728; 16; 397119130
134217728; 32; 831741611
134217728; 64; 1652337564
134217728; 128; 2639042205
134217728; 256; 3359012150
134217728; 512; 3947928581
134217728; 1024; 4539980990
134217728; 2048; 4939560135
134217728; 4096; 5108969129
134217728; 8192; 5161922504
134217728; 16384; 5490600449
134217728; 32768; 5184954338
134217728; 65536; 5080060104
134217728; 131072; 5505013248
134217728; 262144; 5009993579
134217728; 524288; 4747624838
134217728; 1048576; 4556395016
134217728; 2097152; 4018013651
134217728; 4194304; 3993149113
134217728; 8388608; 3905481442
134217728; 16777216; 3604079644
134217728; 33554432; 4113322954
134217728; 67108864; 3211296144
134217728; 134217728; 2160150772
268435456; 8; 152998788
268435456; 16; 397532861
268435456; 32; 847552182
268435456; 64; 1643143694
268435456; 128; 2649696529
268435456; 256; 3424096331
268435456; 512; 4134674244
268435456; 1024; 4597048550
268435456; 2048; 4951130752
268435456; 4096; 5230620732
268435456; 8192; 5152658163
268435456; 16384; 5577589860
268435456; 32768; 5531558193
268435456; 65536; 5441130567
268435456; 131072; 5540635024
268435456; 262144; 5250365873
268435456; 524288; 4914015285
268435456; 1048576; 4711873898
268435456; 2097152; 4017712960
268435456; 4194304; 4008234250
268435456; 8388608; 3962468628
268435456; 16777216; 3639111978
268435456; 33554432; 5000148196
268435456; 67108864; 4243569186
268435456; 134217728; 3229046221
268435456; 268435456; 2213982836
536870912; 8; 152784871
536870912; 16; 397693204
536870912; 32; 747995165
536870912; 64; 1457713858
536870912; 128; 2373807171
536870912; 256; 3221315668
536870912; 512; 3537934272
536870912; 1024; 4341227415
536870912; 2048; 4711129644
536870912; 4096; 4750775721
536870912; 8192; 4535934268
536870912; 16384; 4961609093
536870912; 32768; 4220699861
536870912; 65536; 5234088367
536870912; 131072; 5781073061
536870912; 262144; 4667996209
536870912; 524288; 4988000018
536870912; 1048576; 4142059044
536870912; 2097152; 4036365435
536870912; 4194304; 3994263186
536870912; 8388608; 3970615645
536870912; 16777216; 3306333810
536870912; 33554432; 5170597670
536870912; 67108864; 4758713437
536870912; 134217728; 3896736420
536870912; 268435456; 3077479482
536870912; 536870912; 2159017117
1073741824; 8; 149110316
1073741824; 16; 380584132
1073741824; 32; 822622047
1073741824; 64; 1639160352
1073741824; 128; 2632333077
1073741824; 256; 3356418659
1073741824; 512; 3785172670
1073741824; 1024; 4577685129
1073741824; 2048; 4962331396
1073741824; 4096; 5191334208
1073741824; 8192; 5262524531
1073741824; 16384; 5705414135
1073741824; 32768; 5708750865
1073741824; 65536; 5614409725
1073741824; 131072; 5811643531
1073741824; 262144; 5693660562
1073741824; 524288; 5418218087
1073741824; 1048576; 5048187100
1073741824; 2097152; 4022002060
1073741824; 4194304; 4002869875
1073741824; 8388608; 3966515974
1073741824; 16777216; 3631960221
1073741824; 33554432; 5527187400
1073741824; 67108864; 5246812547
1073741824; 134217728; 4724832562
1073741824; 268435456; 4218627021
1073741824; 536870912; 3108465872
1073741824; 1073741824; 2161873075
